depth	min	max	median	mean
10	-67	238	20	35
11	-46	287	60	75
12	-35	358	100	116
13	-27	474	136	156
14	-20	603	169	197
15	-12	725	203	237
16	-6	854	237	278
17	0	975	270	318
18	7	1098	300	359
19	13	1224	330	399
20	19	1350	361	440
21	53	1383	398	477
22	77	1409	439	513
23	95	1436	479	550
24	110	1466	522	587
25	123	1500	562	624
26	136	1537	600	660
27	147	1570	635	697
28	160	1615	666	734
29	169	1678	699	771
30	178	1733	737	807
31	233	1756	781	851
32	271	1778	824	895
33	302	1808	873	939
34	334	1850	922	982
35	356	1888	971	1026
36	377	1944	1019	1070
37	391	2011	1062	1113
38	414	2088	1104	1157
39	436	2174	1147	1201
40	446	2273	1189	1244
41	491	2294	1230	1283
42	533	2315	1276	1321
43	568	2341	1316	1360
44	601	2376	1359	1398
45	636	2401	1401	1437
46	661	2437	1444	1475
47	679	2481	1485	1514
48	699	2538	1524	1552
49	717	2581	1564	1591
50	744	2636	1602	1629
51	779	2666	1643	1671
52	827	2702	1685	1712
53	863	2722	1726	1753
54	897	2753	1774	1795
55	924	2789	1818	1836
56	940	2830	1865	1877
57	962	2872	1909	1919
58	976	2926	1949	1960
59	999	2989	1994	2001
60	1019	3063	2036	2042
61	1077	3080	2077	2085
62	1145	3109	2125	2127
63	1195	3134	2170	2169
64	1248	3160	2215	2211
65	1284	3183	2266	2253
66	1310	3204	2311	2295
67	1357	3233	2353	2337
68	1390	3265	2398	2379
69	1422	3303	2444	2421
70	1447	3361	2490	2463
71	1501	3373	2530	2503
72	1558	3387	2569	2542
73	1626	3402	2609	2581
74	1671	3427	2649	2620
75	1700	3447	2694	2659
76	1734	3473	2737	2698
77	1762	3501	2783	2737
78	1786	3531	2827	2776
79	1812	3565	2867	2815
80	1832	3615	2910	2854
81	1932	3625	2952	2900
82	2023	3637	2994	2947
83	2112	3653	3036	2993
84	2198	3662	3084	3039
85	2265	3677	3131	3086
86	2319	3690	3178	3132
87	2360	3709	3229	3178
88	2394	3741	3277	3224
89	2427	3770	3329	3271
90	2452	3820	3380	3317
91	2578	3827	3415	3359
92	2702	3834	3448	3402
93	2823	3842	3483	3444
94	2936	3853	3517	3487
95	3055	3867	3550	3529
96	3165	3884	3585	3572
97	3270	3902	3622	3614
98	3362	3925	3660	3657
99	3436	3954	3701	3699
100	3480	3982	3743	3742
101	3522	4008	3774	3773
102	3557	4042	3805	3805
103	3581	4089	3835	3836
104	3609	4147	3864	3868
105	3624	4211	3892	3899
106	3637	4289	3916	3931
107	3653	4373	3942	3962
108	3666	4459	3969	3994
109	3677	4541	3995	4025
110	3686	4628	4019	4057
111	3717	4650	4054	4088
112	3742	4679	4086	4119
113	3762	4707	4118	4150
114	3782	4728	4150	4181
115	3799	4776	4182	4212
116	3810	4826	4214	4244
117	3822	4887	4246	4275
118	3835	4953	4277	4306
119	3845	5004	4307	4337
120	3855	5067	4336	4368
121	3890	5086	4371	4400
122	3916	5110	4405	4431
123	3938	5128	4438	4463
124	3957	5159	4476	4495
125	3976	5191	4510	4526
126	3995	5214	4542	4558
127	4012	5255	4578	4589
128	4026	5301	4610	4621
129	4039	5354	4639	4653
130	4052	5427	4668	4684
131	4085	5441	4695	4713
132	4108	5458	4724	4741
133	4133	5476	4758	4769
134	4149	5497	4789	4797
135	4170	5525	4820	4826
136	4191	5549	4851	4854
137	4208	5576	4884	4882
138	4227	5608	4917	4910
139	4240	5640	4945	4938
140	4250	5671	4974	4967
141	4301	5686	5007	4998
142	4340	5701	5038	5029
143	4370	5725	5070	5061
144	4396	5744	5104	5092
145	4427	5771	5136	5124
146	4450	5790	5168	5155
147	4470	5816	5205	5186
148	4491	5851	5238	5218
149	4508	5891	5269	5249
150	4524	5925	5300	5280
151	4581	5939	5329	5309
152	4636	5952	5356	5338
153	4683	5969	5382	5366
154	4722	5980	5410	5395
155	4753	6000	5441	5424
156	4779	6017	5467	5452
157	4810	6038	5495	5481
158	4834	6070	5522	5510
159	4861	6098	5551	5538
160	4884	6130	5582	5567
161	4921	6147	5609	5595
162	4966	6152	5638	5623
163	4993	6171	5667	5651
164	5023	6187	5698	5679
165	5047	6203	5728	5707
166	5073	6226	5759	5735
167	5099	6249	5791	5763
168	5117	6270	5823	5791
169	5136	6305	5852	5819
170	5158	6341	5881	5847
171	5229	6355	5910	5877
172	5280	6366	5939	5906
173	5330	6378	5966	5935
174	5373	6393	5995	5965
175	5403	6404	6023	5994
176	5445	6418	6053	6023
177	5491	6443	6085	6053
178	5511	6470	6117	6082
179	5528	6498	6147	6112
180	5547	6528	6176	6141
181	5654	6537	6201	6175
182	5757	6549	6227	6208
183	5854	6564	6253	6242
184	5944	6578	6280	6275
185	6030	6594	6306	6309
186	6105	6614	6335	6343
187	6166	6637	6367	6376
188	6204	6665	6400	6410
189	6227	6709	6434	6444
190	6248	6769	6466	6477
191	6292	6812	6511	6524
192	6321	6874	6558	6570
193	6341	6946	6605	6617
194	6360	7032	6651	6663
195	6377	7137	6694	6710
196	6393	7239	6736	6757
197	6407	7338	6779	6803
198	6416	7439	6821	6850
199	6427	7545	6862	6896
200	6437	7659	6903	6943
201	6522	7681	6954	6996
202	6579	7703	7012	7050
203	6623	7729	7072	7104
204	6660	7755	7133	7157
205	6685	7789	7198	7211
206	6712	7817	7261	7264
207	6740	7866	7324	7318
208	6761	7925	7383	7371
209	6785	7987	7438	7425
210	6810	8075	7497	7479
211	6907	8088	7538	7527
212	7004	8100	7584	7575
213	7089	8114	7629	7623
214	7172	8132	7676	7672
215	7242	8146	7727	7720
216	7307	8166	7777	7768
217	7359	8196	7830	7816
218	7400	8229	7884	7865
219	7437	8268	7939	7913
220	7466	8324	7991	7961
221	7689	8350	8069	8053
222	7885	8387	8148	8144
223	8017	8450	8238	8236
224	8085	8579	8326	8327
225	8128	8767	8404	8419
226	8157	8994	8481	8511
227	8183	9228	8558	8602
228	8198	9471	8635	8694
229	8218	9700	8714	8785
230	8232	9938	8791	8877
231	8363	9973	8885	8969
232	8447	10019	8982	9060
233	8521	10059	9091	9152
234	8574	10117	9204	9244
235	8620	10167	9322	9336
236	8666	10231	9429	9428
237	8701	10288	9533	9519
238	8736	10379	9639	9611
239	8771	10492	9736	9703
240	8800	10621	9824	9795
241	8969	10635	9901	9875
242	9134	10653	9977	9956
243	9303	10669	10054	10036
244	9467	10691	10132	10117
245	9624	10718	10208	10198
246	9767	10748	10288	10278
247	9900	10781	10364	10359
248	10004	10828	10448	10439
249	10100	10877	10530	10520
250	10187	10954	10612	10600
251	10241	10973	10646	10637
252	10298	10993	10681	10674
253	10347	11018	10717	10711
254	10392	11045	10753	10747
255	10425	11085	10789	10784
256	10452	11127	10824	10821
257	10479	11184	10859	10858
258	10502	11246	10892	10894
259	10527	11319	10927	10931
260	10540	11404	10961	10968
261	10580	11420	10992	10998
262	10613	11441	11023	11028
263	10655	11463	11051	11057
264	10688	11488	11084	11087
265	10717	11514	11115	11117
266	10740	11545	11148	11147
267	10759	11579	11179	11177
268	10776	11622	11211	11206
269	10796	11682	11240	11236
270	10814	11730	11268	11266
271	10869	11746	11296	11298
272	10932	11763	11327	11331
273	10977	11779	11357	11363
274	11030	11803	11389	11396
275	11069	11828	11422	11428
276	11102	11855	11454	11460
277	11136	11889	11487	11493
278	11163	11927	11521	11525
279	11188	11966	11556	11557
280	11211	12017	11587	11590
281	11299	12041	11630	11638
282	11370	12074	11678	11685
283	11417	12110	11726	11733
284	11457	12155	11775	11781
285	11493	12205	11824	11829
286	11515	12269	11874	11877
287	11534	12346	11923	11925
288	11552	12432	11966	11973
289	11569	12532	12011	12020
290	11585	12628	12055	12068
291	11674	12650	12108	12121
292	11746	12671	12164	12174
293	11811	12692	12221	12227
294	11864	12712	12278	12280
295	11907	12739	12340	12333
296	11940	12766	12400	12386
297	11980	12804	12459	12439
298	12006	12856	12519	12492
299	12030	12918	12576	12545
300	12056	12989	12629	12598
301	12189	13002	12672	12649
302	12307	13020	12717	12701
303	12422	13041	12762	12753
304	12518	13065	12809	12804
305	12596	13098	12859	12856
306	12650	13145	12911	12907
307	12687	13221	12962	12959
308	12720	13315	13009	13011
309	12741	13437	13054	13062
310	12763	13565	13099	13114
311	12801	13585	13135	13149
312	12827	13609	13171	13183
313	12849	13639	13207	13218
314	12875	13677	13240	13252
315	12893	13730	13277	13287
316	12910	13785	13310	13322
317	12926	13852	13345	13356
318	12941	13922	13376	13391
319	12951	13988	13409	13426
320	12963	14068	13438	13460
321	13010	14094	13474	13495
322	13040	14128	13516	13531
323	13072	14154	13552	13566
324	13093	14184	13589	13601
325	13118	14212	13628	13636
326	13141	14254	13667	13671
327	13158	14303	13702	13707
328	13175	14350	13736	13742
329	13187	14405	13770	13777
330	13204	14477	13805	13812
331	13262	14498	13840	13848
332	13310	14515	13876	13884
333	13349	14530	13913	13919
334	13384	14556	13954	13955
335	13411	14588	13991	13991
336	13435	14609	14030	14027
337	13456	14646	14069	14062
338	13480	14679	14107	14098
339	13496	14712	14146	14134
340	13512	14764	14183	14170
341	13590	14771	14216	14205
342	13647	14784	14249	14240
343	13701	14796	14283	14275
344	13750	14811	14321	14310
345	13789	14828	14361	14346
346	13831	14846	14399	14381
347	13870	14871	14437	14416
348	13892	14894	14475	14451
349	13913	14930	14513	14486
350	13934	14968	14546	14522
351	14012	14981	14575	14554
352	14077	14990	14603	14586
353	14146	15004	14632	14618
354	14207	15022	14667	14651
355	14254	15038	14699	14683
356	14299	15057	14735	14715
357	14337	15076	14769	14747
358	14368	15105	14801	14780
359	14386	15140	14834	14812
360	14404	15187	14864	14844
361	14445	15204	14888	14869
362	14486	15219	14913	14895
363	14519	15240	14936	14920
364	14542	15263	14961	14945
365	14566	15294	14984	14970
366	14585	15326	15007	14995
367	14601	15364	15031	15020
368	14619	15404	15053	15046
369	14636	15451	15076	15071
370	14651	15497	15100	15096
371	14690	15509	15125	15120
372	14729	15523	15147	15144
373	14764	15539	15171	15167
374	14793	15555	15197	15191
375	14817	15570	15223	15215
376	14836	15587	15249	15239
377	14863	15603	15273	15263
378	14884	15625	15296	15286
379	14897	15661	15321	15310
380	14916	15693	15343	15334
381	14974	15706	15365	15360
382	15028	15717	15389	15386
383	15083	15733	15414	15412
384	15131	15748	15440	15438
385	15170	15762	15465	15463
386	15197	15783	15490	15489
387	15225	15808	15516	15515
388	15242	15840	15541	15541
389	15258	15880	15566	15567
390	15275	15921	15590	15593
391	15303	15939	15616	15618
392	15326	15957	15641	15642
393	15351	15982	15667	15667
394	15367	16010	15694	15692
395	15391	16034	15720	15717
396	15407	16071	15745	15741
397	15422	16109	15770	15766
398	15432	16150	15793	15791
399	15440	16195	15815	15816
400	15450	16239	15836	15840
401	15488	16255	15861	15864
402	15519	16271	15887	15889
403	15550	16289	15909	15913
404	15576	16311	15936	15937
405	15596	16333	15961	15961
406	15615	16359	15987	15985
407	15633	16392	16011	16009
408	15646	16418	16036	16034
409	15660	16451	16061	16058
410	15675	16489	16085	16082
411	15719	16499	16106	16106
412	15767	16514	16130	16130
413	15805	16523	16152	16155
414	15845	16539	16176	16179
415	15874	16558	16200	16203
416	15905	16575	16224	16227
417	15929	16598	16250	16251
418	15949	16620	16276	16276
419	15966	16648	16302	16300
420	15979	16678	16326	16324
421	16018	16698	16347	16347
422	16048	16713	16370	16370
423	16077	16731	16391	16394
424	16106	16753	16414	16417
425	16129	16779	16436	16440
426	16149	16806	16459	16463
427	16165	16836	16480	16487
428	16180	16869	16502	16510
429	16192	16909	16524	16533
430	16201	16961	16544	16556
431	16224	16980	16568	16580
432	16251	17002	16593	16605
433	16279	17021	16619	16629
434	16293	17047	16645	16653
435	16308	17082	16669	16677
436	16326	17118	16694	16702
437	16338	17155	16717	16726
438	16349	17202	16739	16750
439	16361	17251	16762	16774
440	16373	17311	16783	16799
441	16397	17322	16807	16822
442	16422	17335	16830	16846
443	16446	17352	16854	16869
444	16468	17371	16879	16892
445	16488	17401	16905	16916
446	16503	17425	16932	16939
447	16519	17453	16957	16963
448	16525	17488	16979	16986
449	16535	17523	17001	17009
450	16544	17569	17026	17033
451	16576	17584	17047	17055
452	16601	17600	17069	17078
453	16623	17613	17093	17100
454	16644	17627	17116	17122
455	16666	17644	17140	17145
456	16680	17662	17164	17167
457	16698	17690	17189	17190
458	16711	17713	17213	17212
459	16730	17737	17236	17235
460	16746	17767	17260	17257
461	16777	17778	17283	17280
462	16806	17787	17307	17302
463	16838	17799	17328	17325
464	16865	17814	17350	17347
465	16878	17831	17373	17370
466	16901	17844	17396	17392
467	16916	17861	17421	17415
468	16934	17882	17444	17438
469	16952	17915	17466	17460
470	16968	17951	17490	17483
471	17011	17962	17512	17505
472	17047	17974	17533	17528
473	17081	17986	17556	17551
474	17119	17999	17578	17573
475	17143	18010	17600	17596
476	17169	18024	17625	17618
477	17192	18040	17648	17641
478	17207	18059	17674	17664
479	17228	18081	17696	17686
480	17246	18110	17722	17709
481	17307	18120	17742	17734
482	17362	18129	17765	17760
483	17412	18139	17788	17786
484	17454	18152	17813	17812
485	17492	18163	17837	17837
486	17526	18183	17861	17863
487	17557	18204	17887	17889
488	17581	18229	17915	17914
489	17601	18264	17938	17940
490	17616	18298	17966	17966
491	17656	18320	17999	17999
492	17695	18347	18033	18033
493	17722	18378	18068	18066
494	17750	18414	18106	18100
495	17772	18456	18141	18133
496	17792	18499	18173	18167
497	17807	18557	18205	18200
498	17825	18606	18239	18234
499	17843	18670	18271	18268
500	17853	18735	18301	18301
501	17910	18751	18336	18335
502	17961	18762	18366	18368
503	18006	18774	18400	18402
504	18052	18789	18433	18435
505	18092	18814	18468	18469
506	18122	18833	18506	18502
507	18154	18859	18541	18536
508	18184	18889	18580	18569
509	18206	18923	18615	18603
510	18225	18964	18650	18636
511	18264	18984	18675	18663
512	18301	19001	18701	18691
513	18333	19024	18726	18718
514	18360	19045	18755	18746
515	18387	19071	18784	18773
516	18418	19100	18810	18800
517	18443	19135	18836	18828
518	18464	19175	18862	18855
519	18482	19227	18885	18882
520	18496	19286	18908	18910
521	18524	19306	18929	18930
522	18549	19326	18949	18950
523	18574	19344	18970	18971
524	18595	19365	18991	18991
525	18611	19385	19013	19011
526	18627	19412	19033	19032
527	18647	19443	19051	19052
528	18664	19479	19070	19072
529	18680	19513	19089	19093
530	18693	19549	19107	19113
531	18724	19568	19127	19134
532	18752	19583	19147	19154
533	18775	19602	19168	19175
534	18802	19620	19190	19196
535	18817	19644	19209	19216
536	18835	19670	19233	19237
537	18850	19695	19255	19258
538	18864	19718	19277	19279
539	18875	19750	19296	19299
540	18884	19780	19314	19320
541	18911	19795	19335	19340
542	18939	19805	19357	19361
543	18965	19821	19378	19381
544	18990	19833	19398	19402
545	19013	19851	19418	19422
546	19035	19871	19439	19442
547	19052	19887	19460	19463
548	19067	19908	19481	19483
549	19077	19929	19503	19504
550	19091	19956	19521	19524
551	19122	19965	19541	19544
552	19150	19975	19562	19564
553	19174	19989	19583	19584
554	19196	20005	19603	19604
555	19220	20020	19624	19624
556	19238	20039	19646	19644
557	19258	20061	19668	19664
558	19269	20084	19687	19685
559	19285	20108	19708	19705
560	19298	20133	19728	19725
561	19342	20144	19746	19746
562	19380	20159	19765	19767
563	19418	20170	19787	19789
564	19450	20184	19807	19810
565	19475	20202	19830	19831
566	19498	20219	19850	19853
567	19521	20237	19872	19874
568	19539	20256	19894	19896
569	19553	20291	19915	19917
570	19567	20324	19935	19938
571	19598	20342	19961	19963
572	19621	20370	19985	19987
573	19642	20389	20010	20011
574	19663	20419	20034	20036
575	19678	20454	20056	20060
576	19695	20489	20081	20085
577	19712	20535	20105	20109
578	19723	20584	20125	20134
579	19731	20634	20150	20158
580	19743	20684	20173	20182
581	19774	20703	20196	20206
582	19801	20725	20221	20230
583	19828	20749	20245	20254
584	19854	20774	20268	20278
585	19874	20796	20294	20302
586	19888	20829	20317	20326
587	19905	20853	20339	20350
588	19920	20882	20363	20373
589	19935	20922	20387	20397
590	19946	20957	20412	20421
591	19982	20968	20434	20445
592	20020	20990	20456	20469
593	20054	21014	20479	20493
594	20085	21036	20501	20516
595	20113	21057	20524	20540
596	20137	21084	20545	20564
597	20155	21114	20567	20588
598	20171	21152	20590	20611
599	20185	21192	20616	20635
600	20203	21230	20638	20659
601	20265	21260	20667	20693
602	20322	21283	20698	20728
603	20370	21308	20728	20762
604	20403	21345	20763	20796
605	20431	21377	20796	20831
606	20455	21425	20831	20865
607	20480	21487	20865	20899
608	20500	21550	20897	20933
609	20515	21606	20930	20968
610	20531	21676	20960	21002
611	20577	21722	21010	21050
612	20617	21763	21063	21098
613	20646	21813	21114	21147
614	20667	21865	21167	21195
615	20689	21929	21214	21243
616	20710	22008	21261	21291
617	20730	22101	21308	21339
618	20747	22204	21353	21388
619	20762	22309	21399	21436
620	20780	22412	21441	21484
621	20836	22442	21498	21536
622	20887	22479	21558	21588
623	20925	22519	21612	21640
624	20958	22563	21670	21692
625	20987	22616	21722	21744
626	21010	22679	21778	21795
627	21036	22735	21834	21847
628	21062	22805	21889	21899
629	21082	22896	21938	21951
630	21096	22992	21986	22003
631	21159	23012	22039	22054
632	21223	23035	22093	22106
633	21280	23064	22147	22157
634	21326	23093	22203	22208
635	21360	23135	22262	22260
636	21402	23172	22317	22311
637	21434	23225	22374	22362
638	21464	23286	22429	22414
639	21479	23354	22480	22465
640	21501	23426	22531	22516
641	21597	23447	22580	22565
642	21691	23469	22629	22615
643	21761	23496	22679	22664
644	21813	23527	22727	22713
645	21871	23559	22782	22762
646	21924	23588	22836	22811
647	21952	23630	22881	22860
648	21988	23671	22933	22909
649	22035	23723	22987	22958
650	22069	23794	23039	23008
651	22176	23815	23082	23058
652	22284	23834	23129	23109
653	22394	23855	23175	23159
654	22474	23874	23220	23209
655	22547	23897	23271	23260
656	22607	23934	23321	23310
657	22666	23968	23373	23361
658	22713	24010	23427	23411
659	22748	24070	23478	23462
660	22783	24128	23530	23512
661	22819	24159	23562	23544
662	22863	24190	23596	23575
663	22908	24221	23625	23606
664	22935	24258	23659	23638
665	22960	24297	23689	23669
666	22983	24349	23718	23701
667	23008	24407	23745	23732
668	23024	24477	23773	23764
669	23037	24546	23800	23795
670	23051	24611	23827	23826
671	23089	24634	23857	23858
672	23120	24669	23890	23889
673	23146	24697	23920	23920
674	23175	24725	23953	23952
675	23195	24760	23984	23983
676	23218	24793	24013	24014
677	23242	24832	24047	24046
678	23253	24887	24076	24077
679	23275	24943	24110	24108
680	23290	24995	24139	24140
681	23331	25018	24170	24170
682	23366	25039	24200	24201
683	23396	25064	24230	24232
684	23426	25092	24264	24262
685	23456	25119	24292	24293
686	23476	25150	24323	24323
687	23502	25191	24353	24354
688	23520	25245	24382	24385
689	23539	25297	24413	24415
690	23555	25349	24441	24446
691	23593	25373	24471	24477
692	23628	25393	24502	24508
693	23671	25421	24536	24539
694	23695	25452	24567	24570
695	23717	25477	24597	24600
696	23742	25514	24632	24631
697	23762	25560	24661	24662
698	23793	25604	24693	24693
699	23808	25658	24723	24724
700	23824	25710	24753	24755
701	23869	25731	24780	24786
702	23893	25756	24811	24817
703	23920	25775	24847	24848
704	23956	25796	24879	24879
705	23983	25827	24910	24910
706	24004	25850	24942	24941
707	24019	25889	24974	24972
708	24045	25925	25007	25003
709	24070	25965	25037	25034
710	24093	26016	25069	25065
711	24121	26037	25097	25095
712	24157	26053	25127	25125
713	24193	26070	25159	25156
714	24228	26094	25191	25186
715	24256	26118	25222	25217
716	24285	26153	25258	25247
717	24306	26182	25288	25277
718	24338	26215	25319	25308
719	24358	26261	25346	25338
720	24383	26294	25378	25368
721	24423	26310	25410	25399
722	24468	26328	25441	25429
723	24516	26344	25470	25460
724	24569	26364	25497	25490
725	24604	26395	25530	25521
726	24638	26418	25560	25551
727	24669	26443	25594	25582
728	24690	26478	25628	25612
729	24711	26517	25660	25643
730	24731	26557	25689	25673
731	24770	26575	25717	25704
732	24818	26598	25749	25735
733	24855	26626	25780	25766
734	24898	26650	25809	25796
735	24927	26677	25840	25827
736	24965	26708	25869	25858
737	24993	26737	25902	25889
738	25010	26773	25934	25919
739	25037	26807	25968	25950
740	25051	26846	25998	25981
741	25104	26860	26028	26013
742	25143	26878	26063	26045
743	25188	26903	26097	26077
744	25236	26918	26128	26110
745	25273	26936	26162	26142
746	25311	26958	26195	26174
747	25341	26981	26228	26206
748	25373	27005	26262	26238
749	25394	27029	26290	26270
750	25431	27060	26327	26302
751	25476	27076	26355	26333
752	25525	27095	26384	26364
753	25570	27109	26411	26394
754	25617	27129	26439	26425
755	25649	27155	26471	26456
756	25692	27176	26501	26487
757	25725	27196	26532	26517
758	25756	27233	26563	26548
759	25787	27265	26595	26579
760	25810	27303	26624	26609
761	25872	27316	26652	26639
762	25916	27334	26683	26669
763	25966	27350	26708	26698
764	26007	27367	26738	26728
765	26036	27389	26767	26757
766	26066	27404	26800	26787
767	26098	27425	26830	26817
768	26139	27449	26865	26846
769	26172	27478	26893	26876
770	26199	27517	26922	26906
771	26260	27538	26948	26936
772	26322	27561	26971	26966
773	26392	27577	26999	26996
774	26453	27597	27024	27026
775	26508	27615	27052	27057
776	26561	27632	27079	27087
777	26603	27659	27105	27117
778	26639	27693	27131	27147
779	26672	27724	27160	27178
780	26704	27766	27189	27208
781	26763	27795	27231	27251
782	26811	27836	27276	27295
783	26840	27879	27322	27338
784	26879	27932	27366	27382
785	26916	27993	27409	27426
786	26947	28063	27452	27469
787	26965	28151	27493	27513
788	26987	28251	27534	27556
789	27005	28345	27572	27600
790	27027	28447	27613	27643
791	27079	28469	27657	27687
792	27122	28513	27698	27731
793	27153	28539	27743	27775
794	27190	28579	27791	27819
795	27222	28616	27838	27863
796	27236	28672	27888	27906
797	27265	28728	27933	27950
798	27288	28802	27974	27994
799	27305	28869	28018	28038
800	27322	28963	28060	28082
801	27369	28978	28107	28125
802	27418	28995	28154	28169
803	27458	29022	28199	28212
804	27490	29042	28247	28256
805	27532	29075	28294	28299
806	27565	29114	28342	28342
807	27586	29167	28391	28386
808	27611	29209	28436	28429
809	27633	29261	28478	28473
810	27657	29326	28519	28516
811	27740	29345	28568	28561
812	27798	29362	28613	28605
813	27860	29385	28658	28649
814	27927	29411	28707	28694
815	27979	29437	28754	28738
816	28024	29461	28801	28783
817	28058	29490	28851	28827
818	28096	29530	28900	28871
819	28134	29581	28946	28916
820	28162	29639	28991	28960
821	28259	29653	29028	29004
822	28351	29670	29067	29049
823	28433	29687	29109	29093
824	28515	29710	29146	29137
825	28586	29731	29192	29181
826	28649	29752	29239	29225
827	28694	29780	29283	29270
828	28745	29822	29331	29314
829	28783	29863	29375	29358
830	28813	29914	29419	29402
831	28905	29940	29462	29448
832	28982	29964	29507	29495
833	29045	29983	29553	29541
834	29115	30016	29598	29588
835	29153	30058	29641	29634
836	29186	30133	29688	29681
837	29216	30211	29733	29727
838	29242	30298	29777	29773
839	29259	30394	29819	29820
840	29280	30502	29860	29866
841	29346	30538	29907	29915
842	29389	30578	29956	29963
843	29431	30626	30005	30011
844	29472	30689	30055	30059
845	29502	30749	30105	30108
846	29534	30827	30149	30156
847	29558	30907	30193	30204
848	29579	30994	30239	30252
849	29598	31085	30282	30301
850	29618	31189	30329	30349
851	29679	31214	30376	30396
852	29733	31251	30427	30442
853	29783	31289	30475	30489
854	29825	31332	30521	30536
855	29866	31376	30568	30582
856	29896	31431	30615	30629
857	29931	31493	30663	30676
858	29954	31556	30714	30723
859	29980	31621	30761	30769
860	29998	31692	30809	30816
861	30080	31726	30848	30862
862	30160	31761	30893	30909
863	30229	31789	30934	30955
864	30295	31825	30981	31001
865	30351	31861	31029	31047
866	30397	31885	31079	31094
867	30439	31942	31123	31140
868	30477	31998	31167	31186
869	30512	32048	31214	31233
870	30537	32120	31259	31279
871	30629	32138	31305	31325
872	30707	32163	31349	31372
873	30767	32195	31397	31419
874	30815	32226	31444	31465
875	30866	32282	31493	31512
876	30900	32321	31541	31558
877	30927	32392	31584	31605
878	30960	32449	31633	31652
879	30990	32524	31680	31698
880	31016	32605	31726	31745
881	31071	32633	31767	31787
882	31116	32667	31805	31829
883	31152	32708	31849	31870
884	31177	32750	31893	31912
885	31208	32803	31937	31954
886	31238	32861	31978	31996
887	31271	32933	32023	32038
888	31300	32999	32065	32080
889	31327	33075	32103	32122
890	31350	33153	32141	32163
891	31401	33187	32182	32206
892	31441	33217	32223	32248
893	31471	33245	32267	32290
894	31507	33282	32305	32333
895	31541	33318	32348	32375
896	31567	33357	32397	32417
897	31598	33412	32442	32460
898	31622	33473	32487	32502
899	31646	33543	32528	32544
900	31664	33618	32570	32587
901	31729	33647	32613	32630
902	31782	33678	32661	32673
903	31824	33707	32706	32716
904	31870	33741	32748	32759
905	31908	33771	32797	32802
906	31942	33811	32843	32845
907	31967	33859	32884	32888
908	31992	33911	32928	32931
909	32024	33965	32967	32974
910	32047	34020	33012	33017
911	32112	34046	33052	33059
912	32170	34078	33096	33101
913	32217	34103	33138	33143
914	32263	34136	33182	33186
915	32313	34180	33224	33228
916	32354	34213	33267	33270
917	32393	34266	33311	33312
918	32422	34305	33357	33355
919	32443	34351	33397	33397
920	32477	34404	33438	33439
921	32555	34431	33474	33481
922	32626	34463	33509	33522
923	32683	34495	33548	33564
924	32737	34533	33593	33605
925	32783	34586	33637	33647
926	32833	34629	33678	33688
927	32880	34668	33720	33730
928	32910	34712	33763	33771
929	32942	34762	33804	33813
930	32967	34832	33848	33855
931	33073	34860	33894	33907
932	33166	34903	33941	33959
933	33240	34935	33989	34011
934	33303	34978	34041	34063
935	33345	35029	34096	34115
936	33388	35070	34150	34167
937	33423	35123	34203	34219
938	33466	35195	34253	34271
939	33497	35269	34302	34323
940	33533	35363	34352	34375
941	33609	35403	34414	34437
942	33678	35456	34474	34499
943	33732	35508	34536	34561
944	33788	35565	34600	34623
945	33828	35642	34665	34685
946	33856	35716	34727	34747
947	33885	35799	34786	34809
948	33916	35901	34847	34871
949	33943	36029	34907	34933
950	33974	36159	34966	34995
951	34074	36197	35031	35058
952	34156	36242	35094	35122
953	34219	36294	35159	35186
954	34276	36340	35227	35250
955	34328	36408	35295	35313
956	34361	36472	35363	35377
957	34407	36540	35429	35441
958	34440	36605	35488	35504
959	34467	36692	35559	35568
960	34492	36787	35622	35632
961	34603	36822	35680	35695
962	34700	36856	35747	35758
963	34770	36898	35809	35821
964	34841	36944	35876	35884
965	34905	36999	35945	35947
966	34966	37042	36008	36010
967	35023	37101	36074	36073
968	35071	37201	36138	36136
969	35110	37300	36200	36199
970	35151	37396	36257	36262
971	35217	37431	36315	36315
972	35271	37472	36369	36368
973	35332	37527	36423	36421
974	35391	37580	36478	36475
975	35435	37646	36529	36528
976	35465	37718	36583	36581
977	35502	37788	36634	36634
978	35526	37876	36681	36687
979	35551	37976	36730	36741
980	35573	38078	36783	36794
981	35643	38107	36834	36848
982	35717	38146	36894	36902
983	35778	38194	36955	36957
984	35819	38246	37010	37011
985	35866	38312	37062	37065
986	35903	38358	37120	37120
987	35959	38414	37171	37174
988	35992	38491	37221	37228
989	36030	38574	37273	37283
990	36057	38653	37325	37337
991	36134	38686	37383	37391
992	36199	38723	37439	37446
993	36255	38766	37495	37500
994	36316	38826	37548	37554
995	36362	38872	37600	37609
996	36412	38921	37655	37663
997	36451	38961	37710	37717
998	36486	39015	37767	37772
999	36506	39085	37819	37826
1000	36550	39156	37875	37881
1001	36628	39185	37922	37931
1002	36705	39224	37972	37982
1003	36767	39281	38020	38033
1004	36820	39333	38075	38084
1005	36852	39387	38132	38134
1006	36888	39441	38189	38185
1007	36919	39499	38240	38236
1008	36970	39544	38293	38287
1009	37002	39626	38342	38338
1010	37025	39709	38393	38388
1011	37094	39733	38446	38436
1012	37142	39777	38491	38483
1013	37194	39815	38540	38530
1014	37232	39875	38589	38577
1015	37263	39929	38639	38624
1016	37290	39976	38689	38671
1017	37331	40018	38734	38719
1018	37361	40084	38780	38766
1019	37387	40156	38822	38813
1020	37414	40223	38871	38860
1021	37465	40261	38916	38907
1022	37538	40292	38963	38955
1023	37583	40339	39014	39002
1024	37630	40379	39065	39049
1025	37676	40432	39115	39097
1026	37723	40484	39160	39144
1027	37763	40544	39211	39191
1028	37801	40613	39257	39238
1029	37831	40681	39303	39286
1030	37870	40762	39346	39333
1031	37929	40797	39392	39380
1032	37981	40818	39435	39427
1033	38033	40851	39491	39474
1034	38078	40890	39542	39521
1035	38110	40931	39587	39568
1036	38157	40974	39632	39615
1037	38192	41016	39674	39662
1038	38218	41075	39721	39709
1039	38263	41139	39765	39756
1040	38290	41207	39807	39803
1041	38349	41238	39855	39851
1042	38402	41275	39904	39900
1043	38465	41318	39958	39948
1044	38528	41353	40006	39997
1045	38587	41413	40054	40045
1046	38636	41466	40108	40094
1047	38672	41518	40163	40142
1048	38708	41580	40220	40191
1049	38752	41635	40270	40240
1050	38790	41716	40320	40288
1051	38870	41742	40367	40335
1052	38930	41773	40408	40383
1053	38971	41800	40455	40430
1054	39021	41824	40498	40477
1055	39060	41859	40541	40524
1056	39099	41889	40589	40572
1057	39142	41935	40642	40619
1058	39191	41980	40688	40666
1059	39225	42033	40736	40713
1060	39256	42098	40783	40761
1061	39317	42124	40831	40807
1062	39375	42155	40879	40854
1063	39447	42196	40933	40901
1064	39493	42221	40980	40948
1065	39568	42266	41030	40994
1066	39602	42309	41076	41041
1067	39656	42354	41132	41088
1068	39702	42401	41179	41135
1069	39744	42461	41229	41181
1070	39783	42533	41278	41228
1071	39846	42574	41330	41279
1072	39892	42639	41376	41330
1073	39950	42709	41425	41381
1074	39997	42795	41471	41432
1075	40028	42863	41519	41483
1076	40069	42942	41570	41534
1077	40107	43034	41616	41585
1078	40132	43126	41665	41636
1079	40152	43225	41706	41687
1080	40183	43352	41747	41738
1081	40240	43405	41796	41787
1082	40282	43457	41855	41837
1083	40318	43497	41906	41886
1084	40345	43555	41953	41936
1085	40395	43638	41998	41985
1086	40436	43724	42039	42035
1087	40464	43818	42086	42084
1088	40488	43910	42130	42134
1089	40509	43993	42171	42183
1090	40530	44114	42220	42233
1091	40576	44153	42268	42282
1092	40613	44226	42316	42331
1093	40660	44279	42366	42380
1094	40705	44332	42408	42429
1095	40748	44407	42458	42478
1096	40779	44474	42497	42527
1097	40820	44536	42542	42577
1098	40846	44592	42590	42626
1099	40875	44693	42634	42675
1100	40903	44807	42680	42724
